1600
  2220  11510
 17040  25450
  7970  23100
 29750   4170
  2700  13020
 17700  28000
 17840   9660
  5490   2710
 29160  29020
 32150  23660
  7120   6830
 23020  15520
 11950  22090
 27930  15060
 25780  10620
  9580   2370
 20370  28500
  5600  14990
 21300  28630
 23420  15850
 30190  10500
 30580   1670
  6310  26230
  6790  23520
 27580  13350
   650   1920
  9060  11000
  8800  24800
 13910   4830
 13790   9050
 22920  27170
 10420   8090
 27360   9030
  8610  20030
 30900   8890
  7950  17060
 15600  14770
 29000  27170
   960  32180
 24380  17780
 25860  30920
 27020  14540
 29620   3270
   810   9220
   740   7850
 19010    440
  7080   1640
 28870    350
 27300   8050
  4540  31400
 12830  23740
 21930   3300
 10290  23310
 31470   6070
 26250   4340
  7880   4100
  4190  24240
 27250   6200
 21480   4120
  7530  19780
  6430   9990
 18740  12840
 19030  27260
  4550  16100
 13630   1410
 17080  31040
 25670  23840
 25880  17910
  2070  28040
 24320  23230
 25180  20710
  4160   1320
 18290  18930
 14830   2980
 30280  12920
  7400  27930
  4140  32310
 31790  16690
 20360  24510
 19670   6830
 22110  28500
 15180  27490
 28670  22820
 11280    730
 31850  20230
  7500  29620
 27370  19450
 32580     20
  4730  31130
 24830  24520
  9410   1690
 13860  13020
  9710  32150
 12040   8070
 23090  29350
 27520  16600
 23910  16380
 13690  30560
  2310   9200
  8970   7910
 19550   5250
 22820   8990
  5760  15200
 11980  27260
  6580   5600
  6500  19730
 32130  11850
 27270  17860
 32150   1430
 22520  13580
  5160   8260
 17240  13400
 12580   2710
  3970    890
 29870  28260
 20070   6970
  9530  18730
  8990  26000
 21410  27560
 11160  29360
 22360  20670
 16830  17430
  7500  25470
  2830   6520
 23210   2440
 22230   7090
 18620  32010
  9810   4160
 14600  31250
  2130  24490
 32700   9970
 27460   2480
 18520  19000
 29650  14960
 22780  12100
 12920  14270
  4270  13660
 28660   9450
 29440   8870
  7900  31920
  7970  10780
 25420  32620
 15630  32750
  3890  17670
 15090  22890
 21770   4860
 31090  22550
 31900   5430
 16670  11540
  9620  24340
  1190  28930
 15660   1870
 16640  21250
 32130   9540
 10570  15410
  7320   5310
    40  27330
 25850  24520
 21910  18150
  9900  23020
  8740   8350
 29420  20080
  8120   4980
  7480  30780
 15340  11780
  6520  19520
 21220  14330
 31420  15970
  9250  12230
 10060   8630
  1710   8290
 20610  26000
 12210  22440
 28910    180
 14530  30150
  5020  21040
  1220   5070
 24840  17050
 24750  29730
 11420  14460
 27210  10690
 17110   4960
 28930  24380
 28360   6280
 15610   8450
 21770   8770
 32070   8520
 18250   7240
 18160  28360
 26640  23330
 30940  10100
 10470   3170
 32450  29000
  1940  10600
 20850  15520
 16730  20550
 25850  18190
 25440  24680
 21490  17360
 13080  13850
  6410  15900
 20830  22780
  6210  20680
 23490  10740
 25730  25970
 26050  15580
 25300  25930
 19070  17860
 27000  16510
 13360  21960
  3640  25670
    10  22430
 21010   3390
 19140   7340
 26060  32430
  4140   6910
 22910  31350
  6590  12710
 21490  26990
 12310   3260
 22130   8660
  6740  18830
 16450  16420
 16160   8580
 20220    670
 29640  15390
 24100  25340
  5180  30000
 13380   7180
 11940  31190
 16680  23280
 28460  12900
  8500  13960
 23420   2000
  1180  17320
 26680  14770
 24310  13360
 22460  13770
 19830  24710
 13330  20250
 16310  13930
 18150  15230
 11600  25300
 15330   7260
 19980  29480
 30430  11630
 27220   4570
 32720   3110
 18380  25570
 19680  17890
 22940  27110
 15290  29540
 26390  20980
  2700  26640
  7630  18220
 14210   7080
 24280  13290
  8230  18300
 20210   3180
 25880   4920
 11830  14360
 24140  15340
 19850  28760
 27000  30410
 26720  14810
 19400  14890
 28390  10920
 22360  15540
 27180   5770
 24450  26480
  9460  31490
 20860  20270
 24430  10420
 11800  16020
  5590  31370
 16560  28220
 31480  11990
 11670  11960
  2250  13160
  2150  22690
  5830   3050
 24020  26740
 26460  17360
   700  29680
 20190   1250
 23240   2200
 18280  22630
  8630  22250
 13300  15540
 30940  17400
 16120   9690
  5140   4770
 13980   6090
  5490   4280
 28820  12130
  9990  25900
 11390   6000
 28950  28310
  9260   9490
 13200  23960
 29780  25300
 12220    340
 29170  30130
  7240  15300
 10530   8220
 21910  10320
  6530  24050
 28800  25800
 14510  20330
  6530  20640
  8680  31200
 30130   9640
  6560  28310
 25830  29870
 28970  10490
 16760  17230
  7670  32110
 26400  17530
 29800   6730
 15480  31100
 14380  15650
  5260  28260
  9220  27940
  3200  28480
   730  17520
 25340  19420
  5980   8750
 20820  20280
 19710  25700
  2690  14990
 27690    670
  9760  14610
  9990    200
 23140   4680
  2420   8920
 28490   1100
 13790  32690
 10170  21820
 21140   8620
 10680   8560
 21560  13420
 28480  20040
 19450  23880
 27360  22450
  9550  11960
 16610   9840
 17230   7430
 20060  25360
  7930  22230
 31910   4680
 22630   9510
 24540  19660
 19550   8950
 27520  30920
 14060   5430
  8860   8080
 12540  21220
 29770  20080
  2370   1690
 10960  31600
 27320  27620
  4730  27600
 20820   4490
 29440  18660
  2770  19420
 31070   2180
 14430   2770
   190  25530
 19750   5340
 24040  29470
 30910  28200
 18520  12290
  2890   1370
  9620    190
  8020  25120
 28630  26760
 32390  17680
 28020  17200
 25600  14210
  5760  13030
  3840  28380
  5790  31520
 17740  14820
 31800   9750
 21170  21870
  4160   9090
 11070   8960
 10600   1860
 25760  22830
 19850  11300
 18670   8040
  3670  27170
 26070  17370
 25550  12120
  2110  16680
 27680  14340
 32560  18060
 29060  32190
 15150  19820
 23690  27290
  7270   2660
  3330   1120
 16660  27060
  1440  29320
  9480  16070
  7980  30830
  3460  25540
 18860  15960
  5280  28740
  5210  18840
 25200  25240
   620  13110
  3110  29790
  2330   9190
 10390  28570
  4300  22020
 21250   3540
 24310  30140
  7820   7870
 17340  18460
 23400   4780
 29890  19630
 18810  24200
 23500  18640
  2540  20150
 28310  13560
 12270   4190
 19640  23030
 27330  28690
  6320  18680
 32740  16160
 19670  14980
  8250   1280
   610  12130
  9890  21400
 30370   2320
  6880   8830
 22120  15020
 11080  25760
  4090   7500
 27940  12270
 22270    990
 11240  13240
 27450  30290
 15480  25390
 14020   6380
 21280   9180
  5200  30220
 32090   2760
 10640  17700
 23760  24300
 28080   8950
 29520  14960
 13980   5030
 24730  13240
 27490  21170
  5030  14750
 29530  20230
 14060  11670
 21000    330
 17500  28740
 27640   6890
   600  23540
 21010  32450
 24200   1290
 21110  13690
 14550  28830
 30810   8660
   440  20740
 11530  22640
  6580  14380
 32120   5410
 22330  24230
   100  13510
 25100   7560
 10710    920
 26300   7940
 20930  17880
 14280   4500
 29460  24400
 15660  26160
  1980  28860
 16010  20530
 28230  32020
 23250  12760
 21490  31320
 32400  23650
  1730  12950
 18010    220
 12450   6260
  7720  25320
  6490  23500
  6410  29900
 19620  12330
  6780  27690
  6070  21060
 24880   2650
 10670  11250
 32640   9150
 12540  30660
 18820  18000
  2790   1700
 15910  28370
 32270  19780
 30650   7090
 10550  16530
  7920  11610
 23700  14050
 29660  22710
 27660  16100
 26500  16160
 28730  32630
 27450  14190
 26510  31260
 27180  14610
 18980   5820
 30400  29030
  8550  19960
  7670   5830
 22880  28670
   800  31320
  4520   9690
 25940   9330
  6140  29480
 13730  21890
 10700  28810
 20780  18370
 28420   8600
 21690   1910
 30290  11330
 19440  23800
 32300   5670
 14290  25000
  4720  21800
 13080  26930
  6870  29930
 20990  29100
  2630  18600
 26250  27790
  3320  13680
  3900  11270
 25330  17680
 16120   4770
 16110  21050
 12570   2410
 20740  11970
 18650  28660
 11720   3570
 11670   5090
 23020  10510
  1970  27170
 24000  17530
 22240  21160
 29240   5390
 16740   1030
  4060  30670
 13340   4620
 16280   5240
 15180  12130
 14120  32640
 10360  25880
  3850  25240
   310  14770
 25910  26740
 30660  22030
 24540  18850
   670  16770
 26460  12180
 27260  14500
  2520  20940
 25410  32090
 29390  12730
 17320   3100
 22740   2010
 21940  18280
 22380  11910
 20940  28730
  9720  16080
 11400  12430
 27910  16240
 20520  22650
 18000  15940
 10140  28830
 25590   1560
  7690   5390
 16710  12770
   370  24580
  2630   8480
  2520  15580
 14760  15550
 15520  32420
 21910   7580
 32150   4310
 32030  14020
 26570  25100
   920  30390
 18750  21130
 11310   2620
  4010   1150
  2500  27040
 19730  11040
  3040  26440
 16680   2280
  6020  30380
 31540  24230
  5170  13860
 15660   5110
 26040  13240
  4040  28190
 17710  30710
 22020  22900
 29820   8020
 14940  11200
 28440  27970
 23820   4870
 30550   4970
   270  12240
 19440  13580
 26040  10130
 13720  12710
  7230  10330
 29860  11940
 28580  29560
 12180  11530
 26640  29690
  9630  30250
  7070  15050
  2930  20410
 32610  23530
  5060  30110
 21310  29960
  1820  18310
 11620  26850
 10700  16090
  2740  22880
  9610   8060
  7860  28750
  6630  10590
 26850  27310
 22550  14140
 25590   6770
 17160  21650
  8870  12240
 15490   8490
 31290   7450
 19300  25310
 24770  22950
 18870  12670
  8060  28690
 20110  17270
 26860  10730
 30370  14030
 24750  16420
 14150  24320
 29950  29100
  5650  14060
 24570   1260
 32020  32510
 14790  15080
 14100   3570
  3930  29400
 17870  21870
 20960  17150
 27620    490
 28480  28800
 18700  26660
 24240  19120
 28770  10710
 11230    780
 30100  32190
 28600  22960
 19260   4370
 28750   2250
  7680  12070
 29150  10670
 15690   8730
 16730  31010
 32660  17580
  1030   7190
 18510  26190
  3910   4710
 19600  12200
  9150  17410
 18710    220
 23210  13300
 22570   8700
 13710  21010
 16840   1160
 27640  17730
 15620  18930
 22110   6950
 15800   2100
 14580   2290
 10940  28350
 17000  27130
  4460  19670
 18870  15740
 25760  24380
 29280  23850
 23160  14940
 15970  16350
 23480  18980
 30290  12210
 26930   5710
 14680  24280
 29820  24040
 30820   5670
 24360  17640
  4940  14320
  3720  20070
  3850  25490
 27590  27970
    10  15410
 12990   3970
  1190  16780
 17400   1970
 18430  22600
 29860  23440
 22420   5240
 15510   3610
  8000  14310
  4210  11220
 16580  10600
 16210  26650
  3630   1610
  9430  15340
  4110  23490
 10820  15360
 19710  11110
 17400  13470
 16400   7820
 23190   2470
 11720  23580
 24640  15060
 25660  21620
    90  31660
  8230  19730
 15410  19170
  3930   4600
 31590  25350
 22410   3970
  3000     80
  5770    980
 13950   3840
 20710   3810
  1200  23850
 17660    760
 29420  15780
  9910  20170
 12810   1210
 27210  13880
 24580  20860
 20530   1200
 21900  25030
 18840   3640
 14110  26460
   140  20520
 18510   2490
  4770  22450
 15460  11300
 32250   1900
  9230  16380
 25460  26440
 24430  18610
  8880  29850
 15900  12930
 23220   1130
 20560   8420
 30310   9930
 24950  16100
  2460   7770
 16390  22410
 25200  28370
 21510  13570
 17370   2650
 17160   5010
  3750   3990
  9360  10360
 10320  22220
 26390   2770
 16560  25730
 23980  28060
 23900  25050
 16700  16060
 31550  23710
 20970  18030
 16610     20
  2000  17760
  3510  15610
    80   4240
 26140   7260
 32310   8100
 25510  10280
 27550  11540
 32000   5150
 21070   1760
  7770  13580
 26780  26590
 25130   3360
  7910   5040
  8950  17510
  9190  20220
  4070   1070
  9150  31880
  1210   2280
 11870  18460
 17880  26760
  2280   2240
  9360  20760
 29690  12350
 21980  16530
  4810   7420
 24820  12950
 11290  17700
 15910  17140
 11490   4350
  2790   3210
 21420  29830
  4450   6720
 19860  12120
 13920  15250
 18840   7710
 15980  18110
 22510   8390
  9510  20360
 27420  13770
 29370  19100
 30790   5060
  9840  16370
 26960   7500
 26830  10670
  8310  26480
  9330  10290
  6740  13380
 23150  30490
 29830   3210
 16070  22250
  8180  20940
 29540  17040
 31930  21640
 21300  20200
  6530   1820
 11860  10090
 22510  23480
 14850   6200
 29780  25260
  8860  19560
  5570  17010
 18110   1660
 30490  23470
 19240   6030
 27880   5460
  7860  12440
 29450  18970
 18020  29250
 22360  12180
  6560  17720
  1070  12640
 21970  18820
 30580  22610
 12520  18870
 27120  12640
 29280  13030
 25070   4860
 14360  27840
  3300  19100
 12900   1400
  9790  27510
  9660   4650
  1390   8940
 19990  12280
 26210  27180
 25620   6550
  6590  14690
  7700   9290
 24890  16360
 10090  13760
 21420  17940
 24330  27580
  2330  25410
 29050  22730
 21630  29790
 21910   4820
 30180   7850
 10890   4410
 16850  31340
 27640   5520
  9370   4790
 20410  20170
 25060  19540
  7240   8380
 18870  24210
 27480   4560
  1470  21610
  1370  23240
 18470  22890
 21760  23950
  4000  18410
  6720  13240
 25430  11670
  9060  20880
 21900   3330
 18950  29690
 27300  17930
  8820  14680
 13150  32350
 27450  20860
  9270  15130
  5820   1820
 26190  19170
 29590  23530
  9370   1430
 27710  13670
 12020  23620
 17720  21260
  8640  31940
  1860  26170
  6990   9350
 11780  18350
 28260  23450
 13400  15860
 10310   9200
  6110   1030
  8470     80
  9380  25160
 29630   7100
 27640   4460
  1590  12210
 20620  24000
 20490  23440
 14490  21960
 29230  27890
 29070  26610
 19470  26080
  3340  24270
 25550  22300
 32200  16150
 27650  14570
  5230    550
 23210   9640
 15520  19830
  4310  18680
 20040  23330
  2170   8430
 10750   2310
 15880  30920
 18290   3710
 15750  26360
 15240  17950
 25270  24000
 31150  29390
 27510  11050
  7200  28690
 14500  23970
 12840  27810
 28990  32710
 29530   6820
 15620  13350
  4190  10720
  2870   8960
 31200    800
 10230  21500
  9770  21850
  9550   8360
 12210   3690
  8100  21070
 24840  28450
 30690  20610
  5140  22140
 23170  18660
  9840   1330
 25720   4010
  6480  10020
  2360  17710
 12600   1300
 19130  26600
 25720  22540
 16640   9470
 21210   9480
 12050  23480
 19630  24480
 32220   2930
 32710  10960
 18720  10550
 25300  21700
 20390  25390
 15930   4470
 20920  16010
 16410  14030
 26900  29430
 21440   9140
 30270  12640
  6430   8860
 30680  16570
 15600  23390
 27400   7450
  2200  20150
 15950  18130
 26300  13880
 29620   8010
 23460  12590
 21600  32630
 31320  28280
 19780  13910
  4610   1480
 14040  31570
 29190  31790
 27610  18230
  9740  27760
 19130  19520
  9280  28700
 21360  10500
 15630  31600
  9700   1210
   220  23850
  3130  20620
 28040  24910
 16990  30550
 24330    300
 30000  17480
 29580  19820
 14010   4150
 26650  32620
  1710  15610
  5960  11430
 11550   2900
 31950  16610
  6240  22920
  8850   3440
   270  15390
  3950    190
 16550  16030
  4630   7060
  9840  30760
  9950  23590
 16370  23750
  1790  18610
 18460   9630
 25260  18080
 20900  10630
 21570  13520
 27610   4380
 27820   1160
  1580  14850
 14520  32540
  4530  11290
  6840  12150
  9550  32060
 16990  14140
 16760  22200
 19590  28620
 11450   5650
 25890   2680
 24340  17350
  3090  30260
  7280  27720
 31420  21820
 10440  12320
 18730  10040
 31530  28120
 24750   6600
 17000  20570
 22300  11870
 28490  11030
 30570  29890
 16390   1360
 16580  14430
 25040  14770
 20890   7320
 29100  31200
  6190   1020
 13340  32290
 17940  27390
 29160  27190
 15590  26270
  1850  32540
  1900  31590
  9770  10200
 14930  10130
 21480  10010
 13640  31870
 27680  27880
 10450   2700
 18540   2310
  2960  21210
  9140  21820
 31400  14340
  8400  31890
  4610   6850
 21110  24210
 21730  21030
 19060  25770
 21850   8460
 18160  25820
  6450  26440
   620  13360
 17600  16490
 29430    480
 13750  30480
 26230  22400
  1250   8820
 12000  27050
 14360  10610
  3110  32650
 25830  32680
  1240  23200
 21470  27870
 28880  22290
 20410   7590
 15400  27110
 18620   1960
  6780  21530
 21780   3790
 10650  24240
 25990  10670
  6150  19910
 32010   6560
 12870  25530
 12110  17390
  1170  17080
   370   8290
 17810   1890
 22730  27310
  3590   8890
 24130  14150
 15660  23350
 27310  26380
  5480  30550
 20690   8570
  5980  22870
  7800  25650
 29340  26330
 20430  23460
 23370  15100
 27080  25170
  4560   9020
 12660   9560
 31980  32120
 25790  27750
 13270  29770
 30620  16490
 14890  28650
  8010  30960
 10480   1990
  6890  22740
 14730  19430
 32110   6130
 20040  11490
  6270   5420
 12340  28160
 13440   4010
  8420  28960
 21140  25770
 11400   7570
  1760  17080
  5720  22820
 15420  24820
  5220   5950
 31600  18600
  9380  13270
  6140  23150
 18670  15900
  4600  26910
  6490  18710
 12650  14980
 30110  12700
 32310  12450
 11600   1530
 23850  21110
 27110  15240
  2770  30240
  4140  13510
 23270  30900
 23720  22440
 19280  28440
 27660   5380
 31930  31030
  2870  23540
 21140  24550
  3570  31600
   740   7100
  2040  31180
  3490  26440
 18190   6970
  2440   7790
 19900   8690
 19740   5410
 32690  20880
 12720   5200
  8800  12190
 17970  13820
  4960  10820
 26760  25480
  9820  15810
 31220  14890
 16760  19510
  2800  10670
 23040  12220
 30690  20500
 28220  15130
 27300  20200
 31210  25480
 30990  15580
 27540   2500
 22140  31730
 24970    860
 25020  18090
 26320   4070
 27980  14470
 19240  28240
  4690   3060
 20380   3170
 20020  16970
  2750  18080
 32280   7270
  7960    730
 15230  24960
 19250  25010
  7840  16950
  2470  27930
 31280  15210
 24200   8070
  4560  17770
  9140   5610
 19000  22950
 29510  27350
 28170  15520
  9560  10490
  6690   1640
 26910  19860
 11020  25390
 28550  16470
  8600  10680
 32380  22550
 28840  14000
 27290  29990
 24140  17320
 16080  18870
 22830  13510
 12300  11290
  1320   3940
 15620  13190
 28060  23810
 20040  28750
 32350  19070
 14010  28010
 21150  22870
  8370  31450
  6120    910
 25590  32600
 28560   9770
 11080  26750
 30000  13050
  2620  23420
  7990  11170
 27360  31470
 19130   3290
 20470    770
    60  12760
 18830  24360
 12510   8270
 17670   8050
 15900  17610
 24680  28030
 17790  18670
 15610  10940
 28120  27870
 20210  14300
  1510  32720
 21900   1040
 23350  22810
 29010   6170
  6390   9230
 20660  24560
  1310   9770
  3490   1910
 11650  16110
 23330  26860
 18650  22470
  2190  23200
  5460  14610
  6230   6900
 20230  22530
 29340  25300
 15940  25350
 26950  30410
  3840  30900
 14310   6180
 22750  31700
 29120   4350
  1700  31880
 26230   4970
 14090  18960
    20  11520
 22140  19360
 28690  11960
  8310  27600
 10180  16930
  8470  18340
 26040  29780
  7690   9320
  8450  17770
  5860  14920
 18710  30510
 11840  22590
 29890  18340
 11670  30420
 14870  16130
  3680  24260
 24790  27110
 23300  13960
 21400  22720
 28160    450
 25490   5250
 31100  25720
 30800   9310
  9000   8750
  1490  18880
 14810  31110
  3850  18020
  2500  28410
 23920   8000
  3570    170
 26190  31950
 11730  24850
 20960  16060
  3160  31550
 15070   6630
    50   9320
 30090   1710
 12890  19580
  6800  25800
 20160  22770
 30270  32570
  7810  20510
 16940  12310
 14090  18700
  9170  32630
 20340  32190
 11450   3160
  2370  12920
 23830  22470
  4460  10370
  7700  30460
 14000  18440
 27890   2430
 29920   4010
 24380   6260
 25000  24540
 19820   6500
 30130  24170
 11320  21600
  2620  22630
  1050  13490
  3120  13310
 18180  17760
 27340  13080
 19910  27600
 13060  27990
 19570  12360
 26150  26110
 26340    330
  4060  22670
 16440  21280
  7800   8620
 11190   4930
  9100  30870
 20800  23160
  2360  23070
 14760     80
 10520   9970
 22430  17970
 21700   3520
 27540  30110
 20530  17200
 14870  21970
 31530  20460
 17360    240
  3290   9780
 14080   8420
  5690   1280
 19810  15240
 30080   4070
 22790  30520
 17310     70
  3810  10140
 18100   6530
 10820  27370
  2530  13730
  5520  14340
  8790  28910
  2700  20060
  7030   1600
 32260  29020
 19670  32600
 11040  28530
  2420  14490
 23320   1130
 27430   5040
 17670   9260
  2200   8030
  8490  21720
 14970   1510
 17010   3640
   370   1030
 16020   5940
 17550  18660
 32050   8860
 22470  16390
  3560  11420
  6450  18030
  4580  32400
 25350   3250
 28740  12770
  6940  27620
 31580  12980
 28100  23940
  4750   9940
  9620  22960
 14710   8770
  4560  19290
  3400  19430
  8030  23890
  7120   4900
  8750  18750
 12990    590
 28060   9420
  4280  20440
  8040  14590
  1760   9280
  1900  28810
 11540  12860
  9650    890
 31160  14920
  2610  31540
 28470  10120
  4050   1480
 29090  17250
  7170  24820
 19110    450
 30110  11220
 12870  27180
 16560    620
 18160  16440
 32620    120
  7890  20620
 16470   3610
 32050  10610
  7450  18880
 12430  23900
   820  10030
  2870  17540
  1720    680
  2890   2960
  7780  24740
   460  14680
 29650  19500
  6390  30640
 18730  27970
 31810  11040
  2480   1350
 20310   7830
 16210  26430
 27250    880
 31630  15900
 22250  14230
 31370   4700
 21620  29180
   900  19850
 12330  18640
 25820  24420
  2850  27450
 13630   4190
  7670  28230
 28420  19970
  5220   5210
 21100   1180
  2540  28590
  9360   3980
 16280   3250
 23620  21040
 21060   8450
   490  26790
 15390  10920
 29500  30340
  3810  15650
  9240  11650
 25690   4150
  1120  10150
  7160  13160
 17270  26920
 20170  25900
  9770  23470
 14470  13090
 19110  17220
  2640  24040
 25820  20500
 29240  22940
  8200   9340
 23880  15930
   280  31390
 25240  27830
 27450   3710
  3280   3470
 15520  23560
 29020  32510
  2840  10440
 29490  16320
 31360  20900
 18690    110
  7950  18270
  6390    800
 14280  26950
 28500   4960
 22840   3080
 15800   6330
  4400  21460
   430  11250
  1290  20720
  6710  17230
 18120  27620
 15240  29560
 16520  21920
 10100  22100
  7910  21200
 18730  18630
 16720  24450
 15040   6970
  5940   1480
 22860  15890
  3810  17150
 21070  12870
 21590  30410
 27530   1810
 29720  29720
  3180  12670
  1630  30590
 14470  29790
 22080  26280
 10230  29170
 26020  15970
  8630  11550
  3900   8480
 16540   1720
 26870  21290
 10400  16150
 14330  19370
 26480   4430
 18040  29600
 21150  20930
 22620  27750
  6610  20700
 24570   2570
 12460  25710
 23680  28010
 22220  17910
 29620  23770
 19940   9410
 24280   5050
 21750  11400
  8640   6410
 13850  18400
 18500  23770
 18450  14610
   480   7530
 22360  13300
 11140  32700
  7410  11920
 29150  12840
  1740   1180
 19840  32530
  6420  12030
 29900  17870
 11620   3780
  8320  16900
 15260  18770
 19270   7570
  1810  16450
  5130  27470
 19810  19860
 19250  18940
 16170  29240
 13490  32680
 28800  27860
  7880   2330
 11540  23790
 22270  11300
 25310  13460
  6460  23160
 31360  31550
 22080  23730
 14030  25600
  4110   1040
 25030  15300
 25140   7270
  6520  19420
 30610   7790
  8410  30550
 26430  26210
  6670  10630
